250 
 
160 
test1 
145 
ƴ 
135 
clear 
125 
 
125 
 
110 
aaddee 
100 
asfiii 
70 
nj 
40 
ll 
30 
afdfdfdfdfadsfasf 
25 
l 
25 
 
20 
claer 
20 
87898 
20 
 
10 
mm1 
10 
gvs 
10 
ٹٻ 
10 
 
10 
 
10 
 
10 
test123456789 
5 
kkkkkk 
0 
 
0 
 
0 
 
0 
 
0 
 
0 
 
0 
 
0 
 
0 
 
0 
 
0 
 
0 
 
0 
 
0 
 
0 
 
0 
 
0 
 
0 
 
0 
 
0 
 
0 
 
0 
 
0 
 
0 
 
0 
 
0 
 
0 
 
0 
 
0 
 
0 
 
0 
 
0 
 
0 
 
0 
 
0 
 
0 
 
0 
 
0 
 
0 
 
0 
 
0 
 
0 
 
0 
 
0 
 
0 
 
0 
 
0 
 
0 
 
0 
 
0 
 
0 
 
0 
 
0 
 
0 
 
0 
 
0 
 
0 
 
0 
 
0 
 
0 
 
0 
 
0 
 
0 
 
0 
 
0 
 
0 
 
0 
 
0 
 
0 
 
0 
 
0 
 
0 
 
0 
 
0 
 
0 
 
0 
 
